54
95
44
57
4
44
78
70
55
44
37
39
53
54
86
96
57
46
51
63
40
44
50
56
46
50
49
51
50
59
46
51
96
14
54
53
46
55
50
54
49
57
47
50
53
46
48
47
55
53
49
36
46
57
63
51
55
54
51
58
51
92
69
57
95
50
47
93
98
52
48
56
60
55
53
52
58
82
62
54
54
50
59
56
60
96
49
54
38
48
61
41
52
98
41
51
52
96
57
48
55
41
48
61
55
64
44
37
91
65
48
45
59
45
61
50
47
40
58
53
53
48
50
37
46
43
98
56
59
51
97
49
56
48
76
51
65
59
46
59
98
84
56
55
55
48
43
58
95
62
42
57
39
37
46
47
37
56
49
91
54
50
42
73
60
46
54
47
52
53
62
60
49
43
45
51
54
54
52
52
47
51
53
37
51
92
62
40
45
26
52
55
99
83
67
61
50
61
45
42
60
56
58
39
58
97
48
60
48
59
55
49
56
41
57
72
69
39
96
40
75
47
82
43
55
48
57
44
50
49
40
55
65
51
44
55
49
50
44
51
42
50
45
53
46
45
60
62
41
55
48
43
10
1
53
48
45
87
56
55
46
47
44
43
46
45
54
54
58
54
63
56
27
45
45
97
49
52
56
55
26
36
99
47
50
45
38
38
61
60
46
64
94
35
42
98
32
49
97
53
45
51
43
65
95
49
42
58
47
51
57
43
42
52
59
53
41
50
52
65
47
47
51
40
52
49
51
98
32
45
54
45
75
49
48
56
48
55
54
10
97
55
42
73
51
43
85
53
83
48
77
74
60
68
49
94
48
80
58
95
54
57
56
53
43
59
39
52
49
43
58
56
50
32
49
50
67
82
57
46
44
56
52
41
40
97
52
62
46
96
55
51
47
53
54
44
96
53
48
31
59
56
94
90
93
97
51
59
51
59
46
95
56
52
46
46
53
81
73
58
57
63
66
47
62
60
87
44
59
41
38
48
39
96
51
60
39
98
57
35
43
84
45
46
59
40
69
49
90
33
62
52
38
52
98
80
38
23
46
48
3
31
84
56
48
56
50
39
43
83
46
58
56
49
60
49
42
43
96
40
38
52
50
53
45
47
56
59
35
84
51
48
53
41
40
51
45
60
97
43
63
50
59
92
48
88
53
92
73
52
47
95
49
46
50
51
48
57
56
43
64
54
60
26
46
46
41
95
40
43
65
59
49
50
63
39
68
44
55
56
45
3
93
56
56
98
55
94
52
90
96
50
52
55
51
53
48
54
95
58
66
40
93
49
50
62
57
42
96
55
98
35
69
53
95
38
55
37
51
50
59
58
46
47
68
53
57
53
80
53
32
48
45
51
50
48
38
96
58
50
49
61
91
52
41
50
50
52
52
97
68
50
60
54
28
52
48
38
81
69
99
59
63
52
56
96
95
65
64
54
43
95
62
48
56
55
56
47
95
48
76
39
45
50
38
59
48
67
11
62
56
50
53
54
44
55
36
63
98
40
53
51
88
95
74
50
42
50
5
38
51
42
80
52
52
65
45
54
98
57
64
48
68
64
56
60
55
10
60
92
49
49
96
50
97
52
31
47
39
58
38
54
42
47
46
48
47
95
95
52
52
65
63
60
88
51
61
16
59
55
61
50
96
52
51
41
52
39
38
51
48
62
51
98
54
46
55
57
59
45
43
36
47
56
57
53
42
55
95
34
96
22
62
48
98
50
54
48
45
69
36
88
52
43
65
54
40
57
98
67
44
52
43
92
94
54
52
51
50
81
91
44
53
51
88
46
78
58
61
44
42
62
41
56
46
84
44
48
94
55
91
61
47
58
47
54
45
12
42
46
5
41
55
48
65
92
69
47
45
44
60
95
47
54
87
57
58
93
95
53
48
99
80
46
59
57
57
56
54
52
48
53
45
54
77
95
48
40
37
42
49
95
93
56
66
48
57
52
57
97
88
69
48
42
40
51
58
51
98
97
12
53
64
45
53
49
97
52
60
53
64
43
39
41
44
54
59
59
94
54
87
51
45
55
60
62
45
54
75
52
94
51
51
46
49
48
45
96
95
46
54
46
68
54
48
43
60
48
59
49
41
94
42
48
52
66
53
39
51
60
38
70
45
47
53
56
44
59
56
56
38
40
54
49
67
45
56
87
46
35
49
48
45
50
50
57
46
54
47
58
49
40
54
48
47
44
52
56
47
85
53
53
51
43
52
42
57
46
40
59
56
58
58
85
41
57
41
97
55
97
56
48
49
49
95
56
51
60
3
96
47
65
45
39
47
97
36
86
51
59
59
32
77
57
60
95
59
46
79
86
67
56
43
53
43
48
18
44
66
56
53
30
61
56
52
98
66
41
43
47
3
59
59
56
47
59
48
34
60
78
65
47
67
44
89
43
44
4
53
45
57
49
69
43
57
1
54
54
51
54
56
53
51
57
50
35
44
55
58
60
48
53
48
65
79
54
44
64
94
59
50
37
40
55
52
60
61
59
38
51
80
47
70
96
85
96
62
40
45
97
45
56
61
53
47
52
53
49
33
47
70
14
52
51
34
49
67
44
46
51
52
64
62
57
47
84
75
94
62
58
53
45
42
47
62
49
66
7
65
38
47
49
94
98
70
87
95
47
32
56
48
98
39
97
43
45
58
50
87
51
47
61
41
22
49
46
55
44
48
48
41
63
47
59
47
59
52
55
97
51
97
54
57
56
40
98
96
57
52
48
61
49
44
46
47
38
49
60
65
57
44
94
46
40
60
47
43
95
61
48
48
51
43
5
46
45
64
21
45
48
62
67
94
38
97
53
56
65
47
77
96
43
50
78
18
97
96
49
48
51
57
46
50
43
46
49
56
68
66
40
76
63
49
46
63
51
51
43
56
44
57
87
36
59
54
25
54
98
96
56
47
46
40
50
55
50
50
50
97
61
64
97
43
93
50
62
58
52
39
50
43
46
52
95
89
61
43
62
48
59
96
47
14
44
58
51
44
41
90
50
49
51
92
56
77
56
57
41
57
50
32
78
44
56
47
52
38
54
45
56
58
56
51
97
58
21
48
64
42
52
47
61
56
47
37
50
41
44
54
52
60
65
46
38
47
21
59
89
37
96
93
48
48
49
54
59
50
54
97
46
64
48
53
64
44
45
59
34
95
48
46
46
58
38
51
55
80
98
67
57
52
97
54
50
62
44
51
55
91
53
52
51
48
41
42
86
41
50
54
46
53
57
65
44
29
56
44
51
50
95
96
50
49
52
49
61
58
62
64
53
97
36
48
46
52
58
48
61
57
59
62
9
48
44
52
95
46
44
57
56
60
47
63
46
43
47
55
57
50
41
95
97
84
52
89
56
65
95
45
59
48
93
85
94
58
51
96
43
53
70
95
59
66
51
53
47
97
52
95
49
64
45
55
61
46
52
58
43
43
52
62
62
48
47
47
46
62
56
51
45
58
85
51
52
41
57
45
93
98
59
46
49
49
57
68
56
42
67
54
48
56
62
86
58
34
6
45
77
53
50
64
51
55
49
55
65
97
58
42
34
51
43
38
40
60
15
54
53
18
46
49
97
55
52
52
37
41
51
66
62
47
56
47
96
48
84
67
53
54
38
93
58
53
38
53
50
56
59
51
65
58
46
44
73
55
62
96
54
43
59
46
60
42
57
44
45
52
50
97
48
38
43
58
55
52
62
47
55
47
45
52
59
3
49
55
38
55
43
93
74
47
48
42
54
35
57
54
51
57
95
51
45
46
97
57
54
55
47
68
63
62
54
52
55
95
53
49
60
59
54
66
84
45
62
55
50
47
41
49
17
14
94
45
46
39
50
58
57
44
45
51
57
50
47
48
51
54
57
46
96
50
53
34
50
98
81
93
62
59
44
47
53
49
49
55
69
51
54
49
41
96
61
52
47
55
95
45
50
55
37
45
53
54
55
71
94
50
56
57
52
43
88
60
47
44
46
49
62
40
38
43
66
49
59
35
43
49
56
45
95
59
50
97
56
59
55
58
50
39
55
9
53
55
49
55
53
54
96
44
94
40
51
42
54
42
96
50
93
46
55
61
48
51
94
98
54
47
45
52
53
49
58
50
48
48
53
97
57
99
42
60
72
43
52
38
51
38
48
41
56
41
72
60
58
53
52
69
88
46
40
55
95
56
59
61
54
30
53
49
49
45
80
46
55
54
41
60
48
12
83
45
49
84
49
48
43
50
57
55
48
50
69
49
46
49
67
48
96
96
51
63
58
51
54
46
63
55
48
51
24
49
53
56
54
97
53
51
62
52
49
63
64
41
43
61
44
48
88
69
58
52
51
59
78
60
45
62
60
57
62
43
82
53
40
55
61
57
52
53
51
61
52
60
44
49
98
61
57
50
51
58
59
96
49
96
36
46
50
55
56
61
96
50
53
37
47
61
45
90
90
94
48
50
43
61
59
42
41
48
54
40
62
57
49
59
95
46
50
49
96
36
42
50
46
53
62
56
42
61
54
63
53
45
56
39
60
43
43
47
63
96
60
61
52
96
57
68
48
51
47
